2213705
1975594
1582415
1240255
1714053
2355199
1714245
1621261
2397390
2128227
1751175
1717905
1674151
1278994
1718165
3074016
1495311
1806509
1802971
1670002
1866242
1715037
1017771
1228095
1083055
414695
2077501
2465416
2212758
2091789
2647194
1243118
396307
1321668
1670040
1583297
1923106
1523457
2125184
1163286
1205643
1541567
396310
1714258
2259068
1890095
1806454
1053825
3054099
2353224
2408341
3051962
3051965
2028000
2086207
2453480
1773815
1922730
2213412
1543345
2303561
1806885
1514311
1976866
2857671
1957669
3652543
1545710
1347271
1805741
1181653
1342048
2670029
1733996
1716479
1622468
1806635
1997855
1494364
2969235
1452013
1600131
1166430
1824610
1714333
1932288
1544096
1802981
2053497
2778720
2920879
2999409
1075932
1806473
1521615
1855470
1805780
1714079
1714606
1669481
1673984
1286535
1613523
1566818
1823981
2140339
2073862
1495347
1810758
2778421
1566120
2054349
1586101
1936952
1209630
3046701
1738310
1047432
1461578
2307198
1803028
1157350
2086760
2405039
1141857
2324611
2403558
1114687
2359585
1243629
1135362
2177953
3046725
2082728
2424049
1779124
1919869
2403373
1045370
1414415
1989536
2145538
2145337
2082743
2259009
2082771
1172242
396341
2515320
1333353
1506673
1854626
2585756
2190980
2330828
1446262
1562320
1651506
1606132
1425052
2287311
333743
1497653
1668195
1639993
1054489
2269130
1646054
1714925
1513591
1305260
396348
2626416
2453461
1516953
1314726
1742652
2346474
2449903
396309
2287826
2450151
2358576
3001569
2358560
1677881
1866814
1810852
1671270
1750073
2773653
1956823
2459030
1972281
1868009
1992085
2612800
1048410
1806335
2882034
1509522
2528342
1714158
1846917
1578584
396343
2483376
1998830
1765010
1549816
1849697
396313
1608098
1559161
1849595
1644152
1887789
2778809
1545215
1859784
1612510
1753199
3778301
2465692
2356440
1622769
1354828
2259043
1028844
1767567
1960404
3046771
3043348
1266687
3048570
2392318
1260158
3074337
3043210
2305283
2362447
2269056
1096733
1300112
2220620
1945951
3040143
3035571
1344262
1220588
1850519
1931513
1106764
1603007
2268434
3040015
1445567
1106449
2362263
1674772
1369338
1210042
1242739
3038245
1920159
2362480
1931118
1885864
1639625
1295030
3038201
2268946
1223273
2268962
1931231
1522661
1010218
1548691
1202613
1331638
1280283
3040204
2421279
1008017
2449720
3063651
1926578
1351978
1806558
1809354
1766388
1412720
1545550
1367262
1673887
1714269
1806322
1612618
1714006
1670627
1545427
396361
1347606
1866964
1752076
1806860
1293750
1919410
1550250
1979012
1042177
1805397
1526099
1766085
1669383
1702873
2324639
2605644
1447536
1693060
1806429
1669428
1734818
1817186
1706632
1531432
1506753
3063682
2407318
2420930
3037570
3044724
3074396
3006908
1307256
3057833
2621924
1366262
1633911
1750357
1670421
2055706
1615325
2835021
2213033
2647268
1509560
396406
1780797
1447952
396319
1847005
396345
2275824
2112633
1344385
1669088
2578315
396304
1851841
417480
396317
1854325
2882002
1445181
2093076
2652583
1612008
1544411
1552041
396322
1818437
1546177
1289574
396302
1505717
3287303
1632114
396352
2064979
2055639
1647296
396305
1445570
1221323
1735356
396311
1056334
2585705
1081596
2358462
1806415
2778400
1941853
2799026
1062017
2032774
1866775
1991894
1868167
1669085
1993225
1992355
1801543
1115069
1715546
1866895
1857495
1675646
1582440
2157958
2145222
1531437
1572073
1721067
1161204
1158600
1801529
2070023
1670102
1911587
1848016
2056469
1770896
2031688
1523907
1810697
1451546
1852822
2132096
1714022
1724599
1734120
1996376
1734242
2889730
1069130
2055666
1346487
1992072
1995142
2158134
1847887
1805955
1551469
1982013
1669549
1929798
3043392
3067643
1114898
3046819
3065134
2355166
3046769
3857693
2157654
2118196
1166949
2259454
2355492
1781234
1054265
1992242
1966965
3730657
2178976
2326845
2300979
1070306
1227492
1079363
1998769
1255130
3608635
1695692
1885798
2927342
2303300
1044665
2268933
1071911
2341734
1998194
2884005
1859840
1278513
3036755
1960364
2117051
2213620
1779402
2115806
2425665
3043314
1228751
2426965
2376541
3053081
2996802
1064370
3006937
1225990
1345002
1330146
2132375
1804517
1764968
1565646
1817174
1566547
3825899
1059673
6396274
1857726
1750267
1238040
1816178
2400142
1292448
1055685
1971885
1805847
1507727
1245044
1714448
2031941
1061263
2975474
2093019
2578617
1475444
1789892
2355270
1569443
1792275
1852952
3053116
1228872
2407392
1715025
1086856
2075857
1859693
1984465
2355183
1965894
1763913
1691961
1059009
1674506
1682238
1377937
1998864
1915134
1775593
1919773
1806327
3049235
1432247
1047662
1714573
1224396
1307867
2314006
1046754
1750756
2725571
2321480
1669971
1848243
1058659
2155674
1115061
1953385
1739973
1378429
3044779
2417375
2981983
3073686
2948912
2997052
2389189
1859924
1940164
2035805
3680521
1692519
1991751
1055712
1991874
1991725
2941562
1913549
1992265
2075915
2067096
2993619
2836523
1571613
1969075
1653968
2359211
3049729
2423862
1915790
1649777
3738738
2647223
1872410
2355526
1801817
2778700
1687527
2778371
1992067
2145256
1866823
1887092
1911600
1688422
1693028
1686020
1802639
1894371
1125099
1346264
1992323
1571794
2996746
1900213
1939773
1863139
1743293
1908286
1295986
2061336
199325
3042245
3000538
1308922
2389310
3045573
1811396
1864521
3323686
2044785
2046222
1012116
1016017
2189057
2115859
2045711
2279652
1882965
1991868
1997927
2086657
1998263
1565016
2220519
3005896
2116288
2052419
1141792
1870196
1291659
1989791
1647966
2299718
2203171
2089358
3052057
3005124
3053912
3005098
3048320
3005051
3000518
3027454
1772516
1987186
1434542
1941856
1872793
2639302
1969059
2055681
1771905
2147436
1770056
1982985
1674543
2015250
1055467
1731288
1069297
2031519
1307636
1069806
2080267
1714559
2941614
2028037
2403643
2359408
2884800
1668954
1504300
1577965
1994956
1597112
1570445
1246771
2141506
1633246
2307508
1996830
1634744
2063327
2112919
1991961
1814114
2073429
1316228
2814007
2606987
2359451
2179061
1529267
1840387
1654843
1954343
1197504
2054224
2410397
2981777
2360289
3046693
2995967
2411775
3027651
3065079
2377083
2790064
3052088
2410146
3057831
1882242
2044548
2417870
1212329
2061292
1815470
2269077
1992282
2424075
1859807
1231058
1011243
2300292
2392471
2079946
1885548
1804034
1580369
3049977